➜  18mu5 git:(master) ✗ ./a.out
100 1000 10000
6388575
61415032
663123292
254382355
447491124
757236377
125256847
336393582
1031463378
120736260
493448551
686686875
792386863
955798804
605738535
595529115
204358771
788137760
740984878
44022030
847093525
984071457
607098810
608708984
739548951
975791186
454551022
755169507
258265394
58664707
474403845
305919491
267712190
815029939
475555947
514470706
894305395
744408935
583112059
684537959
767132019
946311551
1058953030
435460197
908058134
223595497
288365322
271804350
280234839
179010735
644816987
657270651
373629820
949485542
987172224
797934454
1032588726
176683652
873104222
692407610
798295968
653144942
632245844
1052833705
154078374
566985990
188803336
453368023
768181112
654396422
666695474
312311061
746126409
977636017
948784370
59325933
173335936
580264921
906271634
248758683
812364062
536615901
135912638
326369731
1034159792
909919262
1046685435
285688371
496319421
92655172
21157164
440528688
526036950
154055051
123898789
335595603
85081925
244704116
1009573124
533650352
➜  18mu5 git:(master) ✗
