➜  18mu5 git:(master) ✗ ./a.out 
1000 10000 100000
63562631
663123292
910412137
449630667
338175772
1030626924
773173133
117655246
80201423
661665668
731709442
308694253
88258427
605738535
192686848
206485900
110746692
849140565
222336148
749416849
346679399
506907993
911365376
884947575
856542334
1069083766
843570068
240914935
563110877
566690698
800727436
840293582
87535576
567918564
440515783
971757421
299079448
626595863
958045880
708964832
404634259
1062944339
915702457
5997900
107511697
749849733
95524522
293281325
723883093
89695407
154424694
947428371
846719048
132791503
754892561
506330224
3020912
274466067
1022444083
723854874
115174542
632245844
802199111
156234073
817568023
716223901
311410134
207168018
109604474
497397201
966018584
353868134
733390247
593775236
197066599
367979236
1058896148
759198730
746875254
726639481
637706798
739982536
923795130
594160898
982557667
524194688
885830006
493663094
598722439
754737477
455404667
784934634
331400658
987978794
949059122
215464429
503504681
542987806
25016111
802373581
➜  18mu5 git:(master) ✗   
